07341640153
07341651060
07487316321
07487316324
07514403312
07580587489
07618300310
07618300317
07618300320
07618300329
07618316374
07658000493
07658014248
07658015829
07658018074
07873200215
07873200227
07878390777
07981300011
07981300027
08105400467
08105405602
08259266015
08259272615
08259291715
08425324049
08564400099
08680030002
08817722767
09334309990
09724920011
09724980106
09724990054
09792187130
09879400028
102
108
1150
116
1160
128
134
1390
141
142
145
1450
1500
152
1600
163
1630
164
172
173
175
179
1811
183
189
192
194
1980
201
205
2061
209
210
212
213
224
2310
2380
240
244
2530
2540
2590
261
2630
2660
267
2800
2801
283
291
295
2970
300
304
3040
305
312
315
317
3420
347
348
359
373
374
395
399
406
409
4378
440
4547
486
509
547
555
5601159303018
580
582
584
585
587
602
60265217018
60265217650
60418311057
60426200408
60587000015
60755282876
613
617
625
6270
630
63064300057
63172320045
63172320276
63968907117
63993600224
64339250010
64637800002
651
6510
65264200550
65334134544
65487118001
65487118002
65487118007
65625230002
6570
65773900156
65942201676
65942201678
660
662
664
66529100101
667
67
67380308006
67497110101
68049610127
688
68954408200
69
6910
69781345862
70038117163
70095335507
70125300600
70332745000
70617301039
70679030226
71219931978
71589700913
71589700923
72534229053
72534229346
72628400002
72628400012
72628400016
72811919870
72811919871
72811940003
72811943002
72811944100
72811945003
72811947003
72811947601
73
73049019900
73302500109
73734900030
73734900047
73734900232
73882402662
74
74265112310
74606801707
7500
76107115041
76107115086
76401420805
76401445805
76401462352
76472115108
76472115602
76472115802
7800
78483000080
78544038411
78544055000
78616200298
78735917500
79
79830408168
79830408169
8018338000069
8018338000151
8018338000397
8033100272215
8051499293017
80712206
81
81029100101
81029100104
81029100106
81029100108
81080752000
81241000021
81260301794
81904600044
82
82699803200
82699804002
82699804005
82699804016
82699804017
82699804023
82699804025
82699804034
82699804043
82699804049
82699804063
82699804064
82699804071
82699804073
82699804075
82699804090
82699804094
8300
83094900012
84516300745
84803500016
85231100453
85324000300
85324000301
85324000315
85324000328
85391700405
85391700458
85464400308
85464400328
85493900407
85525500701
85530100285
85546300530
85546300531
85667100224
85728700426
8585
85990800350
86199800003
86409500032
87
87262900204
87668101362
87826600051
88
88025223290
88147190137
88567600004
88851305448
88851320220
88851372220
89
89470001004
89500800148
89656600718
89824800100
89983300103
9200
94
9401
94131
94416